9.733333333333333
10.25
9.833333333333334
10.433333333333332
9.516666666666667
9.916666666666666
10.116666666666667
10.65
10.433333333333332
10.366666666666667
9.8
9.466666666666667
10.716666666666667
9.983333333333333
10.233333333333333
9.4
10.133333333333333
9.75
10.433333333333332
10.133333333333333
10.1
10.466666666666667
10.166666666666666
10.133333333333333
10.1
9.416666666666666
10.033333333333333
9.383333333333333
10.25
10.1
10.0
10.6
9.15
10.1
10.6
10.166666666666666
9.95
10.15
9.9
9.8
10.55
9.8
9.733333333333333
9.85
9.883333333333333
10.1
9.266666666666667
10.366666666666667
10.5
9.916666666666666
9.783333333333333
10.533333333333333
9.583333333333334
9.9
9.916666666666666
10.383333333333333
10.416666666666664
10.516666666666667
9.666666666666666
10.066666666666666
9.483333333333333
9.683333333333334
10.166666666666666
10.65
10.1
10.016666666666667
9.5
10.483333333333333
10.566666666666668
10.35
9.416666666666666
10.9
10.366666666666667
9.983333333333333
10.25
10.2
10.316666666666668
9.883333333333333
9.383333333333333
9.816666666666666
10.166666666666666
10.483333333333333
10.083333333333334
10.016666666666667
9.716666666666667
9.55
10.0
10.616666666666667
10.016666666666667
9.616666666666667
10.183333333333334
10.316666666666668
9.866666666666667
9.95
9.366666666666667
10.35
9.95
9.516666666666667
10.116666666666667
10.083333333333334
9.683333333333334
10.216666666666667
10.2
10.05
10.216666666666667
9.666666666666666
9.066666666666666
9.416666666666666
10.2
9.95
10.016666666666667
9.633333333333333
10.016666666666667
10.55
10.666666666666664
10.35
9.283333333333333
10.05
10.116666666666667
9.366666666666667
9.8
9.983333333333333
9.666666666666666
9.433333333333334
10.05
9.783333333333333
9.866666666666667
11.0
10.433333333333332
9.966666666666667
10.7
10.1
9.666666666666666
9.35
9.883333333333333
9.516666666666667
10.266666666666667
9.85
11.066666666666668
9.933333333333334
10.05
9.866666666666667
9.55
10.533333333333333
9.816666666666666
9.6
9.5
10.15
10.75
10.05
9.566666666666666
9.516666666666667
9.866666666666667
10.316666666666668
9.85
9.716666666666667
10.066666666666666
10.716666666666667
10.616666666666667
10.983333333333333
10.166666666666666
9.5
10.316666666666668
9.95
10.0
9.783333333333333
